start=132.209048
panscan=0.000000
